3.046359999999999069e-01 -3.684870000000000645e-01 8.783040000000000846e-01 -1.943120000000000402e+00 -2.021849999999998648e-02 -9.244270000000001097e-01 -3.808239999999999403e-01 1.123439999999998606e-01 9.522559999999998803e-01 9.825359999999998262e-02 -2.890630000000000144e-01 4.679989999999999206e+00 0.000000000000000000e+00 0.000000000000000000e+00 0.000000000000000000e+00 1.000000000000000000e+00
3.065459999999999852e-01 -3.643090000000001050e-01 8.793810000000000793e-01 -1.938110000000000221e+00 -1.811140000000000319e-02 -9.259230000000001626e-01 -3.772769999999999735e-01 1.132150000000000656e-01 9.516850000000000032e-01 9.972479999999996070e-02 -2.904359999999999720e-01 4.673579999999999401e+00 0.000000000000000000e+00 0.000000000000000000e+00 0.000000000000000000e+00 1.000000000000000000e+00
3.164469999999999228e-01 -3.625400000000000844e-01 8.766010000000001856e-01 -1.930599999999999872e+00 -1.275909999999997983e-02 -9.256320000000001214e-01 -3.782119999999999926e-01 1.120599999999997987e-01 9.485259999999997582e-01 1.084979999999999833e-01 -2.975379999999999692e-01 4.667089999999999073e+00 0.000000000000000000e+00 0.000000000000000000e+00 0.000000000000000000e+00 1.000000000000000000e+00
3.087730000000000752e-01 -3.632359999999999478e-01 8.790449999999999653e-01 -1.920459999999999834e+00 -6.765170000000006977e-03 -9.250199999999998424e-01 -3.798569999999999447e-01 1.114180000000001558e-01 9.511130000000002083e-01 1.113420000000000382e-01 -2.880780000000001118e-01 4.664160000000000750e+00 0.000000000000000000e+00 0.000000000000000000e+00 0.000000000000000000e+00 1.000000000000000000e+00
3.310370000000001922e-01 -3.725230000000000485e-01 8.669739999999999114e-01 -1.906369999999999454e+00 -1.691809999999986528e-03 -9.190080000000000471e-01 -3.942359999999999753e-01 1.083030000000000936e-01 9.436180000000000678e-01 1.290389999999999870e-01 -3.048550000000000426e-01 4.660360000000000724e+00 0.000000000000000000e+00 0.000000000000000000e+00 0.000000000000000000e+00 1.000000000000000000e+00
3.680410000000000070e-01 -3.807840000000000114e-01 8.482639999999999070e-01 -1.886319999999999997e+00 3.460319999999988093e-03 -9.117300000000001514e-01 -4.107750000000000012e-01 1.036679999999998297e-01 9.298049999999999926e-01 1.541160000000000585e-01 -3.342359999999999776e-01 4.655590000000000117e+00 0.000000000000000000e+00 0.000000000000000000e+00 0.000000000000000000e+00 1.000000000000000000e+00
3.891869999999998941e-01 -3.822240000000000082e-01 8.381169999999998899e-01 -1.858610000000000761e+00 6.782209999999978638e-03 -9.086359999999998882e-01 -4.175340000000000162e-01 9.756210000000002658e-02 9.211349999999999261e-01 1.681819999999999704e-01 -3.510369999999999324e-01 4.650039999999998841e+00 0.000000000000000000e+00 0.000000000000000000e+00 0.000000000000000000e+00 1.000000000000000000e+00
4.111879999999999424e-01 -3.805889999999998996e-01 8.282989999999998965e-01 -1.828559999999999963e+00 1.358939999999998934e-02 -9.060089999999999533e-01 -4.230410000000000559e-01 9.081150000000007272e-02 9.114510000000000112e-01 1.852040000000000353e-01 -3.673679999999999723e-01 4.634450000000000180e+00 0.000000000000000000e+00 0.000000000000000000e+00 0.000000000000000000e+00 1.000000000000000000e+00
4.201480000000000770e-01 -3.837470000000000048e-01 8.223240000000001659e-01 -1.795349999999999779e+00 1.249620000000001459e-02 -9.036529999999999285e-01 -4.280840000000000201e-01 8.645800000000006258e-02 9.073710000000000386e-01 1.901339999999999975e-01 -3.748730000000000118e-01 4.598550000000000360e+00 0.000000000000000000e+00 0.000000000000000000e+00 0.000000000000000000e+00 1.000000000000000000e+00
4.099760000000000626e-01 -3.770609999999998685e-01 8.305110000000001103e-01 -1.755630000000000024e+00 1.114149999999999689e-02 -9.084119999999998862e-01 -4.179289999999999394e-01 7.631469999999988818e-02 9.120310000000000361e-01 1.805930000000000035e-01 -3.682250000000000245e-01 4.531360000000000277e+00 0.000000000000000000e+00 0.000000000000000000e+00 0.000000000000000000e+00 1.000000000000000000e+00
3.976529999999999787e-01 -3.967280000000000251e-01 8.273340000000000138e-01 -1.710369999999999724e+00 6.310940000000006198e-03 -9.004860000000000086e-01 -4.348399999999999488e-01 7.721770000000006962e-02 9.175159999999998872e-01 1.781349999999999323e-01 -3.555769999999999764e-01 4.432999999999999829e+00 0.000000000000000000e+00 0.000000000000000000e+00 0.000000000000000000e+00 1.000000000000000000e+00
3.965429999999999788e-01 -3.942499999999999893e-01 8.290500000000000647e-01 -1.669849999999999612e+00 1.268249999999981903e-04 -9.030639999999999779e-01 -4.295070000000000277e-01 9.337130000000007368e-02 9.180180000000000007e-01 1.704220000000000179e-01 -3.580530000000000102e-01 4.329780000000000406e+00 0.000000000000000000e+00 0.000000000000000000e+00 0.000000000000000000e+00 1.000000000000000000e+00
3.891390000000000682e-01 -3.919700000000000406e-01 8.336259999999999781e-01 -1.633260000000000378e+00 -1.467229999999984311e-03 -9.052170000000000494e-01 -4.249470000000000192e-01 9.874780000000002445e-02 9.211799999999999988e-01 1.641390000000000349e-01 -3.528310000000000612e-01 4.257039999999999935e+00 0.000000000000000000e+00 0.000000000000000000e+00 0.000000000000000000e+00 1.000000000000000000e+00
4.026049999999999351e-01 -4.020529999999999937e-01 8.223540000000000294e-01 -1.571950000000000180e+00 -4.879820000000239383e-04 -8.984729999999998551e-01 -4.390290000000000026e-01 9.659720000000000806e-02 9.153759999999999675e-01 1.763530000000000098e-01 -3.619249999999999967e-01 4.165790000000000326e+00 0.000000000000000000e+00 0.000000000000000000e+00 0.000000000000000000e+00 1.000000000000000000e+00
4.114339999999999109e-01 -4.106900000000000550e-01 8.136689999999999756e-01 -1.503349999999999742e+00 -5.556709999999996825e-03 -8.938430000000000542e-01 -4.483469999999999400e-01 7.622189999999999521e-02 9.114250000000000407e-01 1.799430000000000196e-01 -3.700390000000000068e-01 4.090060000000000251e+00 0.000000000000000000e+00 0.000000000000000000e+00 0.000000000000000000e+00 1.000000000000000000e+00
4.246900000000000674e-01 -4.142119999999999691e-01 8.050280000000000769e-01 -1.431049999999999489e+00 -8.528100000000007203e-03 -8.909890000000000310e-01 -4.539430000000000409e-01 7.249309999999994925e-02 9.053009999999999113e-01 1.859179999999999999e-01 -3.819269999999999610e-01 4.016070000000000917e+00 0.000000000000000000e+00 0.000000000000000000e+00 0.000000000000000000e+00 1.000000000000000000e+00
4.485489999999999755e-01 -4.073930000000000606e-01 7.955109999999998571e-01 -1.319630000000000747e+00 -1.832060000000002020e-02 -8.940759999999999819e-01 -4.475410000000001332e-01 9.390709999999996560e-02 8.935729999999999507e-01 1.861680000000000001e-01 -4.085009999999998920e-01 3.905679999999999819e+00 0.000000000000000000e+00 0.000000000000000000e+00 0.000000000000000000e+00 1.000000000000000000e+00
5.189859999999998363e-01 -3.922970000000001178e-01 7.594469999999999832e-01 -1.254240000000000244e+00 -1.627129999999999549e-02 -8.928390000000001603e-01 -4.500819999999999821e-01 9.725349999999995110e-02 8.546299999999998898e-01 2.212280000000000080e-01 -4.697549999999999226e-01 3.813029999999999919e+00 0.000000000000000000e+00 0.000000000000000000e+00 0.000000000000000000e+00 1.000000000000000000e+00
5.536790000000001433e-01 -3.584090000000000331e-01 7.516559999999999908e-01 -1.199469999999998926e+00 -8.743850000000007866e-03 -9.050900000000000611e-01 -4.251290000000000346e-01 9.574570000000012793e-02 8.326880000000002058e-01 2.288110000000000421e-01 -5.042630000000001278e-01 3.722790000000001154e+00 0.000000000000000000e+00 0.000000000000000000e+00 0.000000000000000000e+00 1.000000000000000000e+00
5.536040000000000960e-01 -2.967179999999999818e-01 7.781290000000000706e-01 -1.147080000000000100e+00 -3.328439999999989810e-03 -9.351549999999999585e-01 -3.542270000000000696e-01 9.387310000000008425e-02 8.327780000000000182e-01 1.935110000000000163e-01 -5.186920000000000419e-01 3.628889999999999727e+00 0.000000000000000000e+00 0.000000000000000000e+00 0.000000000000000000e+00 1.000000000000000000e+00
5.485820000000001251e-01 -2.457199999999999662e-01 7.991770000000000262e-01 -1.098389999999999533e+00 -7.531019999999983769e-03 -9.572550000000000781e-01 -2.891529999999999934e-01 1.117820000000000896e-01 8.360670000000001156e-01 1.526049999999999907e-01 -5.269819999999999505e-01 3.524039999999999839e+00 0.000000000000000000e+00 0.000000000000000000e+00 0.000000000000000000e+00 1.000000000000000000e+00
5.674160000000000315e-01 -1.948580000000001422e-01 8.000459999999998129e-01 -1.051630000000000287e+00 -6.721250000000016274e-03 -9.726620000000002486e-01 -2.321320000000000328e-01 1.285270000000000301e-01 8.234080000000000288e-01 1.263370000000000049e-01 -5.532129999999999548e-01 3.417369999999999575e+00 0.000000000000000000e+00 0.000000000000000000e+00 0.000000000000000000e+00 1.000000000000000000e+00
5.864399999999998503e-01 -1.717110000000000025e-01 7.915860000000000118e-01 -1.000639999999999752e+00 -7.123350000000105466e-04 -9.773819999999997510e-01 -2.114860000000000073e-01 1.353239999999999721e-01 8.099969999999998560e-01 1.234589999999999715e-01 -5.732969999999999455e-01 3.324650000000000549e+00 0.000000000000000000e+00 0.000000000000000000e+00 0.000000000000000000e+00 1.000000000000000000e+00
5.956990000000000895e-01 -1.300580000000000347e-01 7.926099999999997037e-01 -9.360089999999996468e-01 -8.401549999999988541e-03 -9.877600000000001934e-01 -1.557650000000000146e-01 1.368650000000000144e-01 8.031679999999999930e-01 8.612890000000002211e-02 -5.895000000000001350e-01 3.241000000000000547e+00 0.000000000000000000e+00 0.000000000000000000e+00 0.000000000000000000e+00 1.000000000000000000e+00
6.242049999999998988e-01 -1.116329999999999822e-01 7.732470000000000176e-01 -8.569350000000005574e-01 -1.554119999999999287e-02 -9.913189999999997282e-01 -1.305699999999999639e-01 1.288940000000000363e-01 7.811109999999999998e-01 6.948459999999997971e-02 -6.205199999999998495e-01 3.153179999999999428e+00 0.000000000000000000e+00 0.000000000000000000e+00 0.000000000000000000e+00 1.000000000000000000e+00
6.497889999999998389e-01 -7.880570000000002018e-02 7.560219999999999718e-01 -7.703640000000001598e-01 -1.220129999999999826e-02 -9.955669999999998687e-01 -9.328790000000000693e-02 1.532669999999999866e-01 7.600219999999998644e-01 5.139219999999998512e-02 -6.478679999999998884e-01 3.060249999999999915e+00 0.000000000000000000e+00 0.000000000000000000e+00 0.000000000000000000e+00 1.000000000000000000e+00
7.199079999999999924e-01 -7.079270000000000007e-02 6.904520000000001767e-01 -7.005430000000004709e-01 -5.125309999999988833e-03 -9.953019999999999090e-01 -9.670479999999999354e-02 1.617410000000000236e-01 6.940550000000000885e-01 6.607899999999998497e-02 -7.168880000000000807e-01 2.970220000000000304e+00 0.000000000000000000e+00 0.000000000000000000e+00 0.000000000000000000e+00 1.000000000000000000e+00
7.749399999999999622e-01 -7.990580000000001293e-02 6.269670000000000520e-01 -6.456929999999994063e-01 5.461949999999980189e-03 -9.910940000000000305e-01 -1.330639999999999601e-01 1.571579999999998256e-01 6.320160000000000222e-01 1.065399999999999681e-01 -7.676009999999997557e-01 2.882249999999999535e+00 0.000000000000000000e+00 0.000000000000000000e+00 0.000000000000000000e+00 1.000000000000000000e+00
7.952289999999998527e-01 -8.908670000000003253e-02 5.997329999999999606e-01 -5.932310000000001748e-01 2.149980000000000641e-02 -9.843830000000001190e-01 -1.747310000000000252e-01 1.368280000000000607e-01 6.059339999999999726e-01 1.518450000000000355e-01 -7.808929999999998373e-01 2.786679999999999602e+00 0.000000000000000000e+00 0.000000000000000000e+00 0.000000000000000000e+00 1.000000000000000000e+00
7.945900000000001295e-01 -1.032310000000000033e-01 5.983100000000000085e-01 -5.384409999999999474e-01 3.389219999999998345e-02 -9.763640000000001207e-01 -2.134689999999999643e-01 1.234200000000000574e-01 6.062049999999999939e-01 1.898969999999999825e-01 -7.723090000000000233e-01 2.678760000000000474e+00 0.000000000000000000e+00 0.000000000000000000e+00 0.000000000000000000e+00 1.000000000000000000e+00
8.015910000000001645e-01 -1.162020000000000136e-01 5.864760000000001083e-01 -4.878440000000000554e-01 3.905629999999998131e-02 -9.686599999999998545e-01 -2.453079999999999705e-01 1.291819999999998525e-01 5.966019999999999657e-01 2.195409999999999862e-01 -7.719289999999997542e-01 2.564829999999999277e+00 0.000000000000000000e+00 0.000000000000000000e+00 0.000000000000000000e+00 1.000000000000000000e+00
8.056940000000000213e-01 -1.418359999999999899e-01 5.751029999999999198e-01 -4.401329999999999965e-01 3.323119999999998159e-02 -9.585579999999999101e-01 -2.829609999999999626e-01 1.265000000000000013e-01 5.914040000000001518e-01 2.470900000000000318e-01 -7.675899999999999945e-01 2.465050000000000630e+00 0.000000000000000000e+00 0.000000000000000000e+00 0.000000000000000000e+00 1.000000000000000000e+00
8.240370000000000195e-01 -1.482249999999999956e-01 5.468060000000000143e-01 -3.956149999999998279e-01 4.710309999999998803e-02 -9.439029999999999365e-01 -3.268519999999999759e-01 1.160919999999998203e-01 5.645799999999998597e-01 2.950929999999999942e-01 -7.708279999999999577e-01 2.374460000000000015e+00 0.000000000000000000e+00 0.000000000000000000e+00 0.000000000000000000e+00 1.000000000000000000e+00
8.506059999999999732e-01 -1.466790000000000038e-01 5.049359999999999404e-01 -3.425469999999999349e-01 4.513029999999998432e-02 -9.363949999999999774e-01 -3.480389999999998762e-01 1.025870000000000254e-01 5.238699999999999468e-01 3.188309999999999755e-01 -7.898829999999998908e-01 2.284980000000000011e+00 0.000000000000000000e+00 0.000000000000000000e+00 0.000000000000000000e+00 1.000000000000000000e+00
8.828439999999999621e-01 -1.310490000000000543e-01 4.510180000000000855e-01 -2.822540000000003935e-01 5.503210000000001434e-02 -9.248089999999998811e-01 -3.764360000000000483e-01 9.054970000000021890e-02 4.664370000000001570e-01 3.571540000000000270e-01 -8.092500000000001359e-01 2.189090000000000202e+00 0.000000000000000000e+00 0.000000000000000000e+00 0.000000000000000000e+00 1.000000000000000000e+00
9.094299999999999606e-01 -1.033489999999999825e-01 4.028139999999999499e-01 -2.154599999999999294e-01 6.978479999999998018e-02 -9.169669999999999765e-01 -3.928150000000000253e-01 9.662149999999995742e-02 4.099650000000000793e-01 3.853480000000000794e-01 -8.267060000000000519e-01 2.088979999999999837e+00 0.000000000000000000e+00 0.000000000000000000e+00 0.000000000000000000e+00 1.000000000000000000e+00
9.373470000000001523e-01 -8.179260000000000697e-02 3.386660000000000226e-01 -1.610310000000000630e-01 7.211669999999999192e-02 -9.054520000000001456e-01 -4.182799999999999851e-01 9.836519999999984720e-02 3.408570000000000766e-01 4.164959999999999773e-01 -8.428250000000000464e-01 1.998960000000000292e+00 0.000000000000000000e+00 0.000000000000000000e+00 0.000000000000000000e+00 1.000000000000000000e+00
9.603009999999999602e-01 -5.168709999999999971e-02 2.741419999999999968e-01 -1.175579999999999403e-01 7.230100000000001803e-02 -9.030010000000000536e-01 -4.235160000000000036e-01 1.017580000000000012e-01 2.694420000000000148e-01 4.265220000000000122e-01 -8.634159999999999613e-01 1.907880000000000020e+00 0.000000000000000000e+00 0.000000000000000000e+00 0.000000000000000000e+00 1.000000000000000000e+00
9.695549999999999446e-01 -2.720379999999996898e-02 2.433669999999999445e-01 -9.580179999999990925e-02 8.383419999999995598e-02 -8.968899999999999650e-01 -4.342399999999999594e-01 9.207879999999989129e-02 2.300869999999999305e-01 4.414209999999999523e-01 -8.673030000000000461e-01 1.837399999999999700e+00 0.000000000000000000e+00 0.000000000000000000e+00 0.000000000000000000e+00 1.000000000000000000e+00
9.794949999999998935e-01 -2.887869999999992041e-03 2.014569999999999972e-01 -7.973270000000001745e-02 9.183729999999998284e-02 -8.835859999999999825e-01 -4.591800000000000326e-01 7.059660000000006486e-02 1.793309999999999627e-01 4.682650000000000423e-01 -8.652020000000001376e-01 1.737770000000000259e+00 0.000000000000000000e+00 0.000000000000000000e+00 0.000000000000000000e+00 1.000000000000000000e+00
9.876949999999999896e-01 2.993029999999998261e-02 1.535149999999999848e-01 -7.410719999999999807e-02 1.006709999999999966e-01 -8.728299999999998837e-01 -4.775299999999999545e-01 6.828759999999998997e-02 1.197009999999999880e-01 4.871069999999999567e-01 -8.651029999999998443e-01 1.643179999999999863e+00 0.000000000000000000e+00 0.000000000000000000e+00 0.000000000000000000e+00 1.000000000000000000e+00
9.954760000000000275e-01 8.148040000000000838e-02 4.890010000000000190e-02 -7.482270000000000587e-02 9.496649999999999536e-02 -8.715270000000000516e-01 -4.810659999999999381e-01 7.631839999999999458e-02 3.421039999999988482e-03 4.835329999999999906e-01 -8.753219999999998224e-01 1.521359999999999824e+00 0.000000000000000000e+00 0.000000000000000000e+00 0.000000000000000000e+00 1.000000000000000000e+00
9.897170000000000689e-01 1.332940000000000236e-01 -5.192109999999999087e-02 -7.646970000000002932e-02 8.996049999999999880e-02 -8.621690000000001852e-01 -4.985720000000000152e-01 7.519749999999984780e-02 -1.112200000000000133e-01 4.887740000000000418e-01 -8.652949999999998143e-01 1.438169999999999726e+00 0.000000000000000000e+00 0.000000000000000000e+00 0.000000000000000000e+00 1.000000000000000000e+00
9.690079999999999805e-01 1.914750000000000063e-01 -1.560919999999999808e-01 -7.513760000000004047e-02 8.617829999999998547e-02 -8.541689999999999561e-01 -5.128059999999999841e-01 7.055699999999999472e-02 -2.315180000000000571e-01 4.834609999999999741e-01 -8.441980000000000040e-01 1.360010000000000163e+00 0.000000000000000000e+00 0.000000000000000000e+00 0.000000000000000000e+00 1.000000000000000000e+00
9.231269999999999198e-01 2.635859999999999870e-01 -2.799309999999999854e-01 -6.605119999999992109e-02 8.888429999999998554e-02 -8.546150000000000135e-01 -5.115990000000000260e-01 5.881990000000007074e-02 -3.740829999999999433e-01 4.473889999999999811e-01 -8.123470000000000413e-01 1.281069999999999931e+00 0.000000000000000000e+00 0.000000000000000000e+00 0.000000000000000000e+00 1.000000000000000000e+00
8.389520000000001421e-01 3.493669999999999831e-01 -4.172609999999999930e-01 -4.836699999999991006e-02 9.902840000000003029e-02 -8.519320000000000226e-01 -5.142039999999998834e-01 6.531769999999986753e-02 -5.351250000000000728e-01 3.900709999999999456e-01 -7.493269999999998543e-01 1.201670000000000238e+00 0.000000000000000000e+00 0.000000000000000000e+00 0.000000000000000000e+00 1.000000000000000000e+00
7.453640000000001375e-01 4.061719999999999775e-01 -5.286389999999998590e-01 -3.299090000000012846e-02 1.048599999999999810e-01 -8.545270000000000366e-01 -5.087139999999999995e-01 7.843899999999991157e-02 -6.583609999999999740e-01 3.237439999999999762e-01 -6.795250000000000457e-01 1.134739999999999860e+00 0.000000000000000000e+00 0.000000000000000000e+00 0.000000000000000000e+00 1.000000000000000000e+00
6.398139999999998828e-01 4.510520000000001195e-01 -6.222490000000001631e-01 -3.720860000000002915e-02 9.360899999999995613e-02 -8.493680000000000119e-01 -5.194349999999999801e-01 8.109289999999998166e-02 -7.628099999999999881e-01 2.740940000000000043e-01 -5.856599999999998474e-01 1.101019999999999888e+00 0.000000000000000000e+00 0.000000000000000000e+00 0.000000000000000000e+00 1.000000000000000000e+00
5.152130000000000321e-01 4.768709999999999338e-01 -7.121469999999999745e-01 -6.738500000000000045e-02 7.635080000000001033e-02 -8.531479999999999064e-01 -5.160529999999999839e-01 7.714620000000001199e-02 -8.536569999999999991e-01 2.115039999999999976e-01 -4.759619999999999962e-01 1.097650000000000015e+00 0.000000000000000000e+00 0.000000000000000000e+00 0.000000000000000000e+00 1.000000000000000000e+00
4.302989999999999315e-01 4.923940000000001094e-01 -7.565680000000001293e-01 -1.195169999999999427e-01 6.816640000000000199e-02 -8.534590000000000787e-01 -5.166840000000000321e-01 7.107480000000000742e-02 -9.001109999999999944e-01 1.707559999999999634e-01 -4.008079999999999421e-01 1.108810000000000073e+00 0.000000000000000000e+00 0.000000000000000000e+00 0.000000000000000000e+00 1.000000000000000000e+00
3.950000000000000178e-01 4.901229999999999198e-01 -7.770179999999998754e-01 -1.928769999999997709e-01 5.446659999999999002e-02 -8.568030000000000923e-01 -5.127610000000000223e-01 6.627900000000006009e-02 -9.170669999999999655e-01 1.602200000000000013e-01 -3.651329999999999854e-01 1.129779999999999562e+00 0.000000000000000000e+00 0.000000000000000000e+00 0.000000000000000000e+00 1.000000000000000000e+00
3.611760000000001081e-01 4.768359999999999266e-01 -8.013630000000001585e-01 -2.844710000000000294e-01 3.151449999999998003e-02 -8.651210000000000289e-01 -5.005709999999999882e-01 6.626200000000002921e-02 -9.319680000000001296e-01 1.555400000000000393e-01 -3.274890000000000301e-01 1.158220000000000027e+00 0.000000000000000000e+00 0.000000000000000000e+00 0.000000000000000000e+00 1.000000000000000000e+00
3.646730000000000249e-01 4.670090000000001185e-01 -8.055560000000000498e-01 -3.723720000000000363e-01 9.299429999999992216e-03 -8.669149999999999912e-01 -4.983720000000000372e-01 7.200440000000001006e-02 -9.310910000000000020e-01 1.742519999999999902e-01 -3.204830000000000179e-01 1.182940000000000103e+00 0.000000000000000000e+00 0.000000000000000000e+00 0.000000000000000000e+00 1.000000000000000000e+00
3.857989999999999475e-01 4.651030000000001552e-01 -7.967690000000001715e-01 -4.494489999999998209e-01 -1.140669999999998317e-02 -8.611580000000000901e-01 -5.082119999999999971e-01 7.717539999999999123e-02 -9.225139999999998341e-01 2.051569999999999783e-01 -3.269279999999999409e-01 1.199339999999999629e+00 0.000000000000000000e+00 0.000000000000000000e+00 0.000000000000000000e+00 1.000000000000000000e+00
4.302000000000000268e-01 4.562599999999999434e-01 -7.789460000000000273e-01 -5.200650000000001105e-01 -2.881819999999998827e-02 -8.554939999999999767e-01 -5.170129999999999448e-01 7.642269999999998231e-02 -9.022750000000000492e-01 2.448679999999999746e-01 -3.548850000000000060e-01 1.200940000000000119e+00 0.000000000000000000e+00 0.000000000000000000e+00 0.000000000000000000e+00 1.000000000000000000e+00
4.663379999999999748e-01 4.298000000000001264e-01 -7.731760000000000854e-01 -5.983470000000000732e-01 -5.010820000000001245e-02 -8.597960000000000047e-01 -5.081740000000001256e-01 6.559220000000001716e-02 -8.831879999999999731e-01 2.757240000000000246e-01 -3.794199999999999795e-01 1.191729999999999956e+00 0.000000000000000000e+00 0.000000000000000000e+00 0.000000000000000000e+00 1.000000000000000000e+00
5.120719999999999716e-01 3.971959999999999380e-01 -7.615890000000000715e-01 -6.963989999999999903e-01 -8.388460000000004524e-02 -8.592950000000000310e-01 -5.045549999999999757e-01 6.139330000000006032e-02 -8.548379999999999868e-01 3.222550000000000692e-01 -4.067030000000000367e-01 1.168600000000000083e+00 0.000000000000000000e+00 0.000000000000000000e+00 0.000000000000000000e+00 1.000000000000000000e+00
5.644650000000001056e-01 3.448630000000000306e-01 -7.499670000000001613e-01 -8.063150000000000039e-01 -1.155900000000000538e-01 -8.665720000000001200e-01 -4.854819999999999691e-01 7.710040000000006888e-02 -8.173259999999999970e-01 3.607270000000000754e-01 -4.492879999999999652e-01 1.140519999999999978e+00 0.000000000000000000e+00 0.000000000000000000e+00 0.000000000000000000e+00 1.000000000000000000e+00
5.854429999999998246e-01 3.192060000000001008e-01 -7.452280000000000015e-01 -9.017809999999999437e-01 -1.238619999999999860e-01 -8.732150000000000745e-01 -4.713330000000000020e-01 8.704030000000000100e-02 -8.011969999999999370e-01 3.682449999999999890e-01 -4.716819999999999902e-01 1.122409999999999908e+00 0.000000000000000000e+00 0.000000000000000000e+00 0.000000000000000000e+00 1.000000000000000000e+00
6.206929999999999392e-01 3.142969999999999930e-01 -7.183049999999998603e-01 -9.871969999999998802e-01 -1.154759999999999537e-01 -8.695049999999999724e-01 -4.802399999999999447e-01 9.017109999999994852e-02 -7.755060000000000286e-01 3.810279999999999778e-01 -5.034020000000000161e-01 1.103480000000000016e+00 0.000000000000000000e+00 0.000000000000000000e+00 0.000000000000000000e+00 1.000000000000000000e+00
6.494970000000001020e-01 3.093779999999999308e-01 -6.945800000000000862e-01 -1.077690000000000037e+00 -1.174740000000000228e-01 -8.616860000000000630e-01 -4.936590000000000145e-01 7.797690000000001564e-02 -7.512360000000000149e-01 4.022250000000001102e-01 -5.233200000000000074e-01 1.086330000000000018e+00 0.000000000000000000e+00 0.000000000000000000e+00 0.000000000000000000e+00 1.000000000000000000e+00
6.908550000000002189e-01 2.784510000000001151e-01 -6.672240000000001503e-01 -1.181560000000000166e+00 -1.245870000000000033e-01 -8.632049999999998890e-01 -4.892409999999999259e-01 6.843809999999994620e-02 -7.121800000000000352e-01 4.211220000000000518e-01 -5.616590000000000193e-01 1.069839999999999902e+00 0.000000000000000000e+00 0.000000000000000000e+00 0.000000000000000000e+00 1.000000000000000000e+00
7.241060000000001384e-01 2.399490000000000789e-01 -6.466039999999998455e-01 -1.305500000000000105e+00 -1.335939999999999905e-01 -8.709750000000000547e-01 -4.728180000000000160e-01 7.804530000000015066e-02 -6.766270000000000895e-01 4.287530000000001063e-01 -5.986240000000000450e-01 1.050170000000000270e+00 0.000000000000000000e+00 0.000000000000000000e+00 0.000000000000000000e+00 1.000000000000000000e+00
7.556859999999997468e-01 2.260500000000001397e-01 -6.146889999999999299e-01 -1.423709999999999809e+00 -1.307620000000000171e-01 -8.675779999999998493e-01 -4.798049999999998705e-01 8.084660000000007396e-02 -6.417500000000000426e-01 4.429599999999999649e-01 -6.260580000000001144e-01 1.029909999999999881e+00 0.000000000000000000e+00 0.000000000000000000e+00 0.000000000000000000e+00 1.000000000000000000e+00
7.656340000000000368e-01 2.480379999999999807e-01 -5.935340000000000060e-01 -1.529269999999999907e+00 -1.269349999999999923e-01 -8.462779999999998637e-01 -5.174009999999999998e-01 7.753100000000011371e-02 -6.306289999999998841e-01 4.714799999999999547e-01 -6.164549999999999752e-01 1.004809999999999981e+00 0.000000000000000000e+00 0.000000000000000000e+00 0.000000000000000000e+00 1.000000000000000000e+00
7.657289999999999930e-01 2.455280000000000518e-01 -5.944549999999999557e-01 -1.631459999999999688e+00 -1.324159999999999782e-01 -8.442829999999998947e-01 -5.192820000000000213e-01 6.679049999999993326e-02 -6.293860000000000010e-01 4.763450000000001294e-01 -6.139810000000001100e-01 9.702539999999998388e-01 0.000000000000000000e+00 0.000000000000000000e+00 0.000000000000000000e+00 1.000000000000000000e+00
7.701069999999999860e-01 2.430529999999999913e-01 -5.897970000000000157e-01 -1.739789999999999726e+00 -1.324609999999999954e-01 -8.434909999999999908e-01 -5.205570000000000475e-01 5.117630000000007034e-02 -6.240109999999999824e-01 4.790099999999997693e-01 -6.173849999999998506e-01 9.167900000000002159e-01 0.000000000000000000e+00 0.000000000000000000e+00 0.000000000000000000e+00 1.000000000000000000e+00
7.782590000000001451e-01 2.294440000000001201e-01 -5.845239999999999325e-01 -1.861359999999999681e+00 -1.361030000000000018e-01 -8.470929999999998739e-01 -5.137239999999998474e-01 6.586450000000003413e-02 -6.130170000000000341e-01 4.793660000000000143e-01 -6.280309999999998949e-01 8.465799999999997771e-01 0.000000000000000000e+00 0.000000000000000000e+00 0.000000000000000000e+00 1.000000000000000000e+00
7.632989999999999498e-01 2.479430000000000800e-01 -5.965729999999999089e-01 -1.980239999999999778e+00 -1.284289999999999321e-01 -8.467590000000000394e-01 -5.162440000000000362e-01 7.498599999999998322e-02 -6.331520000000000481e-01 4.706660000000002508e-01 -6.144890000000000629e-01 7.896270000000000788e-01 0.000000000000000000e+00 0.000000000000000000e+00 0.000000000000000000e+00 1.000000000000000000e+00
7.680149999999998922e-01 2.669159999999999866e-01 -5.821589999999999820e-01 -2.091359999999999886e+00 -1.022800000000000098e-01 -8.462229999999998364e-01 -5.229209999999999692e-01 7.400819999999995458e-02 -6.322129999999999139e-01 4.611549999999998151e-01 -6.226129999999999720e-01 7.435849999999997184e-01 0.000000000000000000e+00 0.000000000000000000e+00 0.000000000000000000e+00 1.000000000000000000e+00
7.781339999999999923e-01 2.604540000000000743e-01 -5.715540000000000065e-01 -2.203730000000000189e+00 -9.677219999999991940e-02 -8.493929999999998426e-01 -5.188139999999999974e-01 6.347749999999995063e-02 -6.206019999999999870e-01 4.590170000000001749e-01 -6.357369999999999965e-01 7.058010000000000117e-01 0.000000000000000000e+00 0.000000000000000000e+00 0.000000000000000000e+00 1.000000000000000000e+00
8.191780000000000728e-01 2.159959999999999380e-01 -5.313160000000000105e-01 -2.319329999999999892e+00 -1.056159999999999738e-01 -8.537240000000001494e-01 -5.099040000000000239e-01 5.653850000000006093e-02 -5.637339999999997353e-01 4.738169999999999882e-01 -6.765389999999996684e-01 6.691899999999999515e-01 0.000000000000000000e+00 0.000000000000000000e+00 0.000000000000000000e+00 1.000000000000000000e+00
8.455019999999999758e-01 1.872179999999999400e-01 -5.000790000000000513e-01 -2.437840000000000007e+00 -1.102400000000000047e-01 -8.551439999999999042e-01 -5.065349999999998465e-01 6.850979999999996795e-02 -5.224719999999999365e-01 4.834049999999999736e-01 -7.023869999999999836e-01 6.311399999999998123e-01 0.000000000000000000e+00 0.000000000000000000e+00 0.000000000000000000e+00 1.000000000000000000e+00
8.760830000000000561e-01 1.704269999999999674e-01 -4.510399999999999965e-01 -2.532070000000000043e+00 -1.050189999999999457e-01 -8.455439999999998513e-01 -5.234769999999998591e-01 7.191609999999995506e-02 -4.705889999999999240e-01 5.059770000000000101e-01 -7.228690000000000948e-01 5.943059999999998899e-01 0.000000000000000000e+00 0.000000000000000000e+00 0.000000000000000000e+00 1.000000000000000000e+00
8.943799999999999528e-01 1.446900000000000686e-01 -4.232630000000000559e-01 -2.612420000000001075e+00 -1.104730000000000434e-01 -8.454779999999999518e-01 -5.224590000000000067e-01 7.336970000000006542e-02 -4.334550000000000902e-01 5.140360000000000484e-01 -7.401949999999999363e-01 5.545580000000004395e-01 0.000000000000000000e+00 0.000000000000000000e+00 0.000000000000000000e+00 1.000000000000000000e+00
9.096999999999999531e-01 1.251829999999999887e-01 -3.959520000000000817e-01 -2.695540000000000269e+00 -1.088600000000000262e-01 -8.482520000000000060e-01 -5.182870000000000532e-01 6.097720000000009938e-02 -4.007470000000000199e-01 5.145879999999999344e-01 -7.580289999999999528e-01 5.000880000000000880e-01 0.000000000000000000e+00 0.000000000000000000e+00 0.000000000000000000e+00 1.000000000000000000e+00
9.352240000000000553e-01 7.407699999999997620e-02 -3.462239999999999762e-01 -2.790529999999999511e+00 -1.249959999999999682e-01 -8.458240000000001313e-01 -5.186129999999999907e-01 5.929399999999991622e-02 -3.312610000000000277e-01 5.282959999999999878e-01 -7.817779999999998619e-01 4.313999999999997836e-01 0.000000000000000000e+00 0.000000000000000000e+00 0.000000000000000000e+00 1.000000000000000000e+00
9.582190000000001540e-01 3.134210000000003937e-02 -2.843180000000000152e-01 -2.904469999999999441e+00 -1.256270000000000164e-01 -8.468689999999999829e-01 -5.167520000000001001e-01 7.598660000000001524e-02 -2.569750000000000645e-01 5.308789999999999898e-01 -8.075499999999998790e-01 3.495629999999999571e-01 0.000000000000000000e+00 0.000000000000000000e+00 0.000000000000000000e+00 1.000000000000000000e+00
9.719240000000001212e-01 6.213640000000034136e-03 -2.352220000000000144e-01 -2.972120000000000317e+00 -1.211930000000000229e-01 -8.436409999999997522e-01 -5.230520000000000724e-01 8.127150000000002428e-02 -2.016920000000000379e-01 5.368739999999999624e-01 -8.192030000000000145e-01 3.048970000000000846e-01 0.000000000000000000e+00 0.000000000000000000e+00 0.000000000000000000e+00 1.000000000000000000e+00
9.895589999999999664e-01 -3.475249999999996398e-02 -1.398870000000000113e-01 -3.041539999999999466e+00 -1.046759999999999913e-01 -8.404499999999999194e-01 -5.316859999999999919e-01 7.968569999999992881e-02 -9.908899999999996877e-02 5.407760000000002565e-01 -8.353129999999999722e-01 2.618349999999999289e-01 0.000000000000000000e+00 0.000000000000000000e+00 0.000000000000000000e+00 1.000000000000000000e+00
9.943979999999998931e-01 -1.036940000000000084e-01 -2.058309999999999654e-02 -3.113139999999999574e+00 -9.817150000000000876e-02 -8.335170000000000634e-01 -5.437039999999999651e-01 6.760570000000000468e-02 3.922420000000002155e-02 5.426780000000001047e-01 -8.390279999999998850e-01 2.297400000000000275e-01 0.000000000000000000e+00 0.000000000000000000e+00 0.000000000000000000e+00 1.000000000000000000e+00
9.705880000000000063e-01 -2.076070000000000138e-01 1.218999999999999806e-01 -3.190789999999999349e+00 -1.058529999999999888e-01 -8.227690000000000836e-01 -5.584329999999998462e-01 6.603799999999986070e-02 2.162300000000000055e-01 5.291050000000000475e-01 -8.205449999999999688e-01 2.089090000000001501e-01 0.000000000000000000e+00 0.000000000000000000e+00 0.000000000000000000e+00 1.000000000000000000e+00
8.992090000000000360e-01 -3.264360000000000595e-01 2.913129999999999331e-01 -3.248709999999999543e+00 -1.169169999999999654e-01 -8.208979999999999055e-01 -5.589800000000000324e-01 7.511379999999986956e-02 4.216110000000000135e-01 4.685800000000002186e-01 -7.763250000000000428e-01 2.018050000000003175e-01 0.000000000000000000e+00 0.000000000000000000e+00 0.000000000000000000e+00 1.000000000000000000e+00
7.842970000000000219e-01 -4.101779999999999871e-01 4.654400000000000204e-01 -3.282910000000000217e+00 -1.052000000000000296e-01 -8.273089999999999611e-01 -5.518110000000000515e-01 7.943069999999997910e-02 6.114039999999999475e-01 3.838189999999999658e-01 -6.920059999999997880e-01 2.122209999999994934e-01 0.000000000000000000e+00 0.000000000000000000e+00 0.000000000000000000e+00 1.000000000000000000e+00
6.425899999999998835e-01 -4.512300000000001310e-01 6.192509999999998849e-01 -3.297540000000000138e+00 -8.514889999999984693e-02 -8.452479999999998883e-01 -5.275479999999999059e-01 8.236599999999995314e-02 7.614670000000001160e-01 2.862680000000000224e-01 -5.815690000000000026e-01 2.355160000000001697e-01 0.000000000000000000e+00 0.000000000000000000e+00 0.000000000000000000e+00 1.000000000000000000e+00
5.220979999999999510e-01 -4.697779999999999734e-01 7.118460000000000898e-01 -3.298450000000000326e+00 -6.777069999999998928e-02 -8.548430000000000195e-01 -5.144429999999999836e-01 8.449699999999997491e-02 8.501910000000000300e-01 2.203459999999999863e-01 -4.781489999999999907e-01 2.649699999999999833e-01 0.000000000000000000e+00 0.000000000000000000e+00 0.000000000000000000e+00 1.000000000000000000e+00
4.429230000000000667e-01 -4.838700000000000778e-01 7.547800000000001175e-01 -3.285759999999999792e+00 -6.201469999999999205e-02 -8.563800000000000301e-01 -5.126100000000000101e-01 8.591710000000003788e-02 8.944150000000000711e-01 1.802379999999999816e-01 -4.093169999999999864e-01 2.899219999999997910e-01 0.000000000000000000e+00 0.000000000000000000e+00 0.000000000000000000e+00 1.000000000000000000e+00
3.742560000000000886e-01 -4.918110000000001092e-01 7.861670000000000602e-01 -3.257350000000000190e+00 -4.935419999999995921e-02 -8.571400000000000130e-01 -5.127159999999998385e-01 8.687819999999982223e-02 9.260140000000001148e-01 1.530849999999999711e-01 -3.450630000000000086e-01 3.231859999999997513e-01 0.000000000000000000e+00 0.000000000000000000e+00 0.000000000000000000e+00 1.000000000000000000e+00
3.231870000000000021e-01 -4.947509999999999963e-01 8.067069999999999519e-01 -3.219460000000000210e+00 -3.979680000000000023e-02 -8.588040000000000118e-01 -5.107580000000000453e-01 8.792129999999982737e-02 9.455010000000000359e-01 1.329639999999999989e-01 -2.972430000000000350e-01 3.565660000000000496e-01 0.000000000000000000e+00 0.000000000000000000e+00 0.000000000000000000e+00 1.000000000000000000e+00
3.641859999999998987e-01 -4.800349999999999340e-01 7.980850000000000444e-01 -3.178609999999999935e+00 -1.148880000000001428e-02 -8.591830000000000300e-01 -5.115410000000001345e-01 8.930410000000006676e-02 9.312579999999998082e-01 1.771260000000000057e-01 -3.184170000000000056e-01 3.743290000000001339e-01 0.000000000000000000e+00 0.000000000000000000e+00 0.000000000000000000e+00 1.000000000000000000e+00
4.725570000000000048e-01 -4.518240000000001699e-01 7.566690000000000360e-01 -3.143359999999999932e+00 2.825019999999997533e-02 -8.503739999999999633e-01 -5.254200000000001092e-01 8.486630000000011664e-02 8.808500000000000218e-01 2.696660000000000168e-01 -3.890859999999999874e-01 3.773990000000000400e-01 0.000000000000000000e+00 0.000000000000000000e+00 0.000000000000000000e+00 1.000000000000000000e+00
5.769689999999999541e-01 -4.097040000000001236e-01 7.065770000000001216e-01 -3.117199999999999527e+00 4.661340000000007561e-02 -8.471630000000001104e-01 -5.292850000000000055e-01 8.124149999999981386e-02 8.154369999999998564e-01 3.383169999999999789e-01 -4.696889999999999676e-01 3.746620000000001061e-01 0.000000000000000000e+00 0.000000000000000000e+00 0.000000000000000000e+00 1.000000000000000000e+00
7.032939999999999747e-01 -3.590180000000000038e-01 6.135849999999998250e-01 -3.109740000000000393e+00 4.346849999999992387e-02 -8.397769999999998847e-01 -5.411899999999998379e-01 7.742519999999980529e-02 7.095709999999998407e-01 4.072859999999999259e-01 -5.750039999999998486e-01 3.628819999999997048e-01 0.000000000000000000e+00 0.000000000000000000e+00 0.000000000000000000e+00 1.000000000000000000e+00
7.776319999999999899e-01 -3.140330000000000621e-01 5.446780000000001065e-01 -3.113059999999999494e+00 3.905719999999995862e-02 -8.405249999999999666e-01 -5.403639999999999555e-01 7.757559999999992517e-02 6.275079999999999547e-01 4.414769999999998973e-01 -6.413539999999997576e-01 3.566629999999996747e-01 0.000000000000000000e+00 0.000000000000000000e+00 0.000000000000000000e+00 1.000000000000000000e+00
8.394519999999999760e-01 -2.689400000000000679e-01 4.722209999999999464e-01 -3.129010000000000069e+00 3.024970000000004253e-02 -8.444849999999999302e-01 -5.347260000000001456e-01 7.816660000000004438e-02 5.425930000000001030e-01 4.631609999999998784e-01 -7.007690000000000863e-01 3.501559999999996897e-01 0.000000000000000000e+00 0.000000000000000000e+00 0.000000000000000000e+00 1.000000000000000000e+00
8.901740000000000208e-01 -2.226039999999999963e-01 3.975420000000000620e-01 -3.158999999999999364e+00 2.165500000000000758e-02 -8.508679999999998467e-01 -5.249329999999999830e-01 7.926240000000006614e-02 4.551090000000000968e-01 4.758910000000001195e-01 -7.526000000000002688e-01 3.405909999999999216e-01 0.000000000000000000e+00 0.000000000000000000e+00 0.000000000000000000e+00 1.000000000000000000e+00
9.142989999999999728e-01 -1.888140000000000374e-01 3.583419999999999939e-01 -3.202970000000000095e+00 1.582740000000002964e-02 -8.673709999999997811e-01 -4.974120000000000208e-01 8.256849999999996137e-02 4.047350000000001224e-01 4.604539999999999189e-01 -7.900479999999999725e-01 3.301169999999999383e-01 0.000000000000000000e+00 0.000000000000000000e+00 0.000000000000000000e+00 1.000000000000000000e+00
9.214219999999999633e-01 -1.591320000000000234e-01 3.544889999999999430e-01 -3.259570000000000523e+00 1.857510000000000064e-02 -8.932130000000000347e-01 -4.492520000000000402e-01 9.271910000000005425e-02 3.881249999999999423e-01 4.205340000000000744e-01 -8.200699999999998546e-01 3.130419999999998759e-01 0.000000000000000000e+00 0.000000000000000000e+00 0.000000000000000000e+00 1.000000000000000000e+00
